mydata/Mathbook/Mathbook_0.jpg 330 141 889 542 528 169 363 312 733 496 865 302
mydata/Mathbook/Mathbook_1.jpg 333 162 877 558 719 523 857 327 525 183 358 325
mydata/Mathbook/Mathbook_10.jpg 278 201 869 591 537 207 332 325 610 565 815 387
mydata/Mathbook/Mathbook_11.jpg 295 151 853 570 599 533 813 359 546 175 333 283
mydata/Mathbook/Mathbook_12.jpg 308 139 872 553 355 264 564 166 597 510 841 356
mydata/Mathbook/Mathbook_13.jpg 291 161 837 573 334 267 553 182 555 535 808 381
mydata/Mathbook/Mathbook_14.jpg 319 167 859 579 353 272 573 189 551 539 818 398
mydata/Mathbook/Mathbook_15.jpg 328 166 850 567 352 262 584 183 549 542 812 405
mydata/Mathbook/Mathbook_16.jpg 355 180 885 594 384 268 620 197 551 541 815 421
mydata/Mathbook/Mathbook_17.jpg 355 182 868 581 391 270 618 199 539 542 827 419
mydata/Mathbook/Mathbook_18.jpg 344 188 833 570 370 271 603 201 510 542 801 425
mydata/Mathbook/Mathbook_19.jpg 375 174 880 595 402 254 640 197 528 543 823 427
mydata/Mathbook/Mathbook_2.jpg 337 164 875 558 362 321 534 181 859 326 710 530
mydata/Mathbook/Mathbook_20.jpg 359 168 847 556 379 233 622 186 791 424 488 521
mydata/Mathbook/Mathbook_21.jpg 370 189 836 582 387 259 633 208 781 453 476 548
mydata/Mathbook/Mathbook_22.jpg 418 182 864 585 441 243 688 205 835 466 504 543
mydata/Mathbook/Mathbook_23.jpg 416 192 892 584 464 247 715 214 503 555 839 495
mydata/Mathbook/Mathbook_24.jpg 400 189 812 577 431 227 687 210 434 550 773 504
mydata/Mathbook/Mathbook_25.jpg 345 181 746 562 398 205 660 195 361 535 720 504
mydata/Mathbook/Mathbook_26.jpg 348 163 765 525 431 182 359 492 715 494 688 181
mydata/Mathbook/Mathbook_27.jpg 331 160 732 527 436 179 351 490 697 504 699 185
mydata/Mathbook/Mathbook_28.jpg 322 143 738 513 445 161 337 471 690 492 710 174
mydata/Mathbook/Mathbook_29.jpg 302 162 713 523 442 175 309 474 696 200 653 501
mydata/Mathbook/Mathbook_3.jpg 323 164 866 553 343 319 524 179 851 332 693 534
mydata/Mathbook/Mathbook_30.jpg 286 167 727 533 457 179 705 217 299 462 634 511
mydata/Mathbook/Mathbook_31.jpg 278 132 739 521 474 146 724 194 618 499 293 423
mydata/Mathbook/Mathbook_32.jpg 273 142 767 522 496 153 735 211 592 505 291 407
mydata/Mathbook/Mathbook_33.jpg 261 149 777 537 508 157 740 229 561 504 277 392
mydata/Mathbook/Mathbook_34.jpg 270 152 783 531 543 164 761 251 549 509 288 378
mydata/Mathbook/Mathbook_35.jpg 272 168 788 543 561 184 301 381 535 517 772 278
mydata/Mathbook/Mathbook_36.jpg 294 191 784 550 579 203 771 299 515 519 312 382
mydata/Mathbook/Mathbook_37.jpg 319 211 818 557 613 219 803 324 535 535 339 382
mydata/Mathbook/Mathbook_38.jpg 347 200 828 534 630 208 810 316 547 508 366 361
mydata/Mathbook/Mathbook_39.jpg 317 184 803 526 602 193 780 294 527 500 337 363
mydata/Mathbook/Mathbook_4.jpg 343 172 868 561 537 183 354 314 697 537 861 344
mydata/Mathbook/Mathbook_40.jpg 299 175 784 531 580 180 776 284 513 517 307 369
mydata/Mathbook/Mathbook_41.jpg 293 121 796 504 579 132 783 236 529 480 308 337
mydata/Mathbook/Mathbook_42.jpg 294 125 800 538 578 135 790 238 536 522 307 357
mydata/Mathbook/Mathbook_43.jpg 274 129 795 554 784 249 560 142 291 376 531 530
mydata/Mathbook/Mathbook_44.jpg 260 105 768 535 538 109 759 215 274 370 526 513
mydata/Mathbook/Mathbook_45.jpg 251 106 775 552 523 114 748 213 528 524 268 385
mydata/Mathbook/Mathbook_46.jpg 277 121 757 551 521 123 748 222 544 536 284 397
mydata/Mathbook/Mathbook_47.jpg 279 153 754 595 513 159 747 250 558 581 283 450
mydata/Mathbook/Mathbook_48.jpg 283 154 754 587 512 160 748 246 569 575 296 455
mydata/Mathbook/Mathbook_49.jpg 274 128 729 560 483 132 720 215 562 535 287 435
mydata/Mathbook/Mathbook_5.jpg 344 162 872 555 549 172 368 301 690 523 855 341
mydata/Mathbook/Mathbook_50.jpg 265 122 711 547 470 127 706 201 553 527 276 433
mydata/Mathbook/Mathbook_51.jpg 266 127 710 553 462 137 703 200 571 528 280 447
mydata/Mathbook/Mathbook_52.jpg 267 124 709 558 456 137 700 201 575 543 284 457
mydata/Mathbook/Mathbook_6.jpg 361 163 888 555 373 300 563 171 877 342 694 533
mydata/Mathbook/Mathbook_7.jpg 353 166 858 560 558 172 361 299 665 535 846 348
mydata/Mathbook/Mathbook_8.jpg 339 160 838 545 345 291 546 164 834 350 638 524
mydata/Mathbook/Mathbook_9.jpg 339 175 840 560 344 300 547 176 832 352 631 535
